1.239794692886219796e+00
1.251319614229283061e+00
1.196783296656579232e+00
1.264623162765418529e+00
1.199633044132127235e+00
1.207995535878546800e+00
1.239002166622035661e+00
1.293743285349939320e+00
1.202581335798485362e+00
1.183250154682119248e+00
1.200714607680002377e+00
1.363885501913522758e+00
1.276356306509161653e+00
1.115966781589221135e+00
1.113075028832872571e+00
1.182908375980696203e+00
1.271856124617264161e+00
1.290265409805056329e+00
1.188084404380319148e+00
1.108963945507159599e+00
