1.041254580955933484e+00
1.159311235455093181e+00
1.203826904753627858e+00
1.189827003060380362e+00
1.261474512580115892e+00
1.150134452249482742e+00
1.187901968226550142e+00
1.266383961705671135e+00
1.336939371365097662e+00
1.318004425526715595e+00
1.103964218734488689e+00
1.117327297937953157e+00
1.170968338474418502e+00
1.193398702386836652e+00
1.127743910154296314e+00
1.100353747497569978e+00
1.158098461934531143e+00
1.124108707195931700e+00
1.119456432341202845e+00
1.112208153106930331e+00
