1.037403554840118369e+00
8.919658970510748741e-01
8.645546576585739773e-01
8.496703237907192729e-01
9.720979193020812259e-01
1.002656136446503421e+00
9.391283338572071759e-01
1.026898653628850910e+00
1.094901554739816874e+00
1.068411790040879383e+00
1.068836283690396183e+00
9.503959443246066119e-01
9.385626534829062395e-01
9.531767689803644084e-01
9.535000846602831315e-01
9.197346501234985316e-01
9.350428352997436354e-01
1.004856967497369080e+00
9.490036678448084961e-01
9.222096097787720881e-01
