1.942998976684280565e+00
1.980528077980659774e+00
1.947709935900848510e+00
1.909385426015971055e+00
1.938803845530852943e+00
2.006837894160673486e+00
1.963992898377259211e+00
1.936368113250048095e+00
2.019309376743471329e+00
2.072906380334899712e+00
1.981462117090474040e+00
2.016695370753938565e+00
2.053089725100436524e+00
1.938716223519729276e+00
1.958796393396196489e+00
1.934064077225177369e+00
1.978511681185273208e+00
2.009738633579639444e+00
1.995934271517161074e+00
2.022542406034359974e+00
